10.
88 15 1 19 
T:
14	15	
25	88	
16	19	
1	
9.
21 101 9 100 
T:
14	15	
25	88	100	101	
16	19	21	
1	9	
8.
13 32 31 23 
T:
14	15	
25	88	100	101	
32	
1	9	13	
7.
51 46 63 75 
T:
14	15	
25	88	100	101	
32	46	51	63	75	
1	9	13	
6.
65 74 42 26 
T:
74	
25	88	100	101	
32	46	51	63	75	
1	9	13	
5.
68 55 53 102 
T:
74	
25	88	100	101	102	
32	46	51	63	75	
68	
4.
70 62 64 91 
T:
62	64	
25	88	100	101	102	
91	
68	70	
3.
92 93 82 94 
T:
62	64	
25	88	100	101	102	
91	92	93	94	
68	70	82	
2.
85 87 97 79 
T:
62	64	79	
25	88	100	101	102	
91	92	93	94	97	
68	70	82	85	87	
1.
96 58 95 98 
T:
58	
25	88	100	101	102	
98	
95	96	
10.
69 59 5 3 
T:
58	59	69	
25	88	100	101	102	
3	5	
95	96	
9.
6 8 11 7 
T:
58	59	69	
25	88	100	101	102	
11	
95	96	
8.
72 27 17 22 
T:
58	59	69	72	
25	88	100	101	102	
11	17	22	27	
95	96	
7.
30 73 80 29 
T:
80	
25	88	100	101	102	
30	
95	96	
6.
36 34 84 40 
T:
80	84	
25	88	100	101	102	
30	34	36	40	
95	96	
5.
44 71 90 43 
T:
80	84	90	
25	88	100	101	102	
44	71	
95	96	
4.
77 52 78 81 
T:
80	84	90	
25	88	100	101	102	
44	71	77	78	81	
52	
3.
57 56 54 4 
T:
80	84	90	
25	88	100	101	102	
44	71	77	78	81	
4	54	56	57	
2.
60 66 61 10 
T:
80	84	90	
25	88	100	101	102	
44	71	77	78	81	
10	60	61	66	
1.
24 103 49 67 
T:
24	49	
103	
44	71	77	78	81	
10	60	61	66	67	
5.
48 50 2 20 
T:
24	49	50	
2	20	48	
44	71	77	78	81	
10	60	61	66	67	
4.
45 47 35 37 
T:
35	37	45	47	
2	20	48	
44	71	77	78	81	
10	60	61	66	67	
3.
28 33 39 83 
T:
35	37	45	47	
28	33	39	
83	
10	60	61	66	67	
2.
38 12 41 86 
T:
35	37	45	47	
28	33	39	41	
12	38	
86	
1.
99 18 76 89 
T:
89	99	
28	33	39	41	
12	38	
18	
