10.
41 6 96 99 42 
T:
38	41	42	
6	
92	96	99	
73	
9.
13 8 12 74 1 
T:
38	41	42	74	
6	8	12	13	
92	96	99	
1	
8.
103 14 2 71 5 
T:
38	41	42	74	
71	
92	96	99	103	
1	2	5	
7.
29 11 3 69 90 
T:
38	41	42	74	90	
3	
92	96	99	103	
69	
6.
39 19 70 87 16 
T:
38	41	42	74	90	
3	16	19	39	
92	96	99	103	
69	70	87	
5.
88 45 58 40 49 
T:
38	41	42	74	90	
45	49	58	
92	96	99	103	
69	70	87	88	
4.
85 62 36 89 68 
T:
38	41	42	74	90	
36	62	68	85	
92	96	99	103	
69	70	87	88	89	
3.
82 78 53 63 57 
T:
38	41	42	74	90	
53	57	63	78	82	
92	96	99	103	
69	70	87	88	89	
2.
94 21 26 32 67 
T:
94	
21	26	32	67	
92	96	99	103	
69	70	87	88	89	
1.
81 80 30 93 50 
T:
30	50	
81	
92	96	99	103	
93	
10.
60 55 95 65 52 
T:
65	
81	
92	96	99	103	
93	95	
9.
86 17 83 66 20 
T:
65	66	83	86	
17	20	
92	96	99	103	
93	95	
8.
24 102 98 23 101 
T:
65	66	83	86	
17	20	23	24	
92	96	99	103	
93	95	98	101	102	
7.
75 76 25 28 104 
T:
65	66	83	86	
28	75	76	
92	96	99	103	104	
93	95	98	101	102	
6.
64 77 100 97 79 
T:
100	
64	77	79	
92	96	99	103	104	
93	95	98	101	102	
5.
56 18 22 61 31 
T:
18	22	31	56	61	
64	77	79	
92	96	99	103	104	
93	95	98	101	102	
4.
54 91 51 59 48 
T:
18	22	31	56	61	
64	77	79	91	
92	96	99	103	104	
48	51	54	59	
3.
15 35 33 46 43 
T:
18	22	31	56	61	
64	77	79	91	
92	96	99	103	104	
15	33	35	43	46	
2.
4 44 34 27 37 
T:
18	22	31	56	61	
4	27	34	37	44	
92	96	99	103	104	
15	33	35	43	46	
1.
7 47 10 9 72 
T:
7	9	10	
4	27	34	37	44	
92	96	99	103	104	
47	72	
