10.
90 81 95 5 
T:
61	
58	
78	81	90	95	
3	5	
9.
22 72 97 71 
T:
61	71	72	
58	
78	81	90	95	97	
3	5	22	
8.
26 73 74 92 
T:
92	
58	
78	81	90	95	97	
3	5	22	26	
7.
83 89 7 93 
T:
7	
58	83	89	93	
78	81	90	95	97	
3	5	22	26	
6.
8 21 94 86 
T:
7	8	21	
58	83	89	93	94	
78	81	90	95	97	
3	5	22	26	86	
5.
62 35 24 52 
T:
52	62	
58	83	89	93	94	
78	81	90	95	97	
3	5	22	26	86	
4.
20 34 19 54 
T:
19	20	34	54	
58	83	89	93	94	
78	81	90	95	97	
3	5	22	26	86	
3.
1 82 75 64 
T:
75	82	
1	
78	81	90	95	97	
3	5	22	26	86	
2.
91 45 9 76 
T:
75	82	
1	9	45	76	
78	81	90	95	97	
91	
1.
87 103 84 100 
T:
75	82	84	87	
1	9	45	76	
100	103	
91	
10.
88 11 101 10 
T:
101	
1	9	45	76	
100	103	
10	11	
9.
48 13 92 15 
T:
101	
1	9	45	76	92	
100	103	
10	11	13	15	48	
8.
104 17 20 16 
T:
16	17	20	
1	9	45	76	92	
100	103	104	
10	11	13	15	48	
7.
102 23 34 27 
T:
34	
102	
100	103	104	
10	11	13	15	48	
6.
10 32 19 18 
T:
10	18	19	32	
102	
100	103	104	
10	11	13	15	48	
5.
99 36 62 40 
T:
40	
102	
100	103	104	
62	99	
4.
51 42 52 43 
T:
40	42	43	51	52	
102	
100	103	104	
62	99	
3.
68 46 13 28 
T:
68	
13	28	46	
100	103	104	
62	99	
2.
67 98 54 55 
T:
68	98	
67	
100	103	104	
62	99	
1.
57 60 64 49 
T:
68	98	
49	57	60	64	
100	103	104	
62	99	
5.
30 66 29 69 
T:
29	30	
69	
100	103	104	
62	99	
4.
70 41 77 31 
T:
29	30	31	41	
69	70	77	
100	103	104	
62	99	
3.
65 53 80 47 
T:
53	65	
69	70	77	80	
100	103	104	
62	99	
2.
25 39 79 50 
T:
25	39	50	79	
69	70	77	80	
100	103	104	
62	99	
1.
2 96 56 59 
T:
25	39	50	79	
69	70	77	80	96	
2	56	59	
62	99	
