8.
51 41 31 46 58 32 
T:
25	31	32	
36	41	46	51	58	
20	
16	
7.
30 17 43 18 44 33 
T:
44	
36	41	46	51	58	
20	30	
16	17	18	
6.
92 45 47 52 57 34 
T:
44	45	47	52	57	
92	
20	30	34	
16	17	18	
5.
6 56 2 13 12 4 
T:
44	45	47	52	57	
2	4	6	12	13	
20	30	34	56	
16	17	18	
4.
11 100 50 89 104 35 
T:
89	100	104	
35	50	
20	30	34	56	
11	
3.
62 91 94 60 73 42 
T:
89	100	104	
35	50	
62	73	91	94	
11	42	
2.
75 95 96 66 79 80 
T:
89	100	104	
80	
96	
11	42	
1.
8 67 103 81 84 93 
T:
89	100	104	
80	81	84	93	103	
8	
11	42	67	
8.
19 77 15 10 1 14 
T:
89	100	104	
80	81	84	93	103	
1	10	14	15	19	
11	42	67	77	
7.
74 82 97 78 99 72 
T:
89	100	104	
80	81	84	93	103	
72	74	
82	97	99	
6.
63 21 76 22 26 24 
T:
89	100	104	
80	81	84	93	103	
76	
82	97	99	
5.
88 3 7 40 86 29 
T:
89	100	104	
80	81	84	93	103	
88	
82	97	99	
4.
71 102 48 101 23 37 
T:
23	37	48	71	
80	81	84	93	103	
88	
82	97	99	101	102	
3.
61 53 54 69 70 83 
T:
83	
80	81	84	93	103	
88	
82	97	99	101	102	
2.
28 9 27 85 65 39 
T:
85	
80	81	84	93	103	
88	
82	97	99	101	102	
1.
38 64 49 87 68 59 
T:
87	
80	81	84	93	103	
88	
82	97	99	101	102	
