előkészületek
preferenciák beolvasva
Add meg a játékosok számát (velem együtt): Add meg a játékosok neveit:Add meg a lapjaim darabszámát (amennyiben ennél több is lesz, azt): Add meg a lapjaimat: Add meg a kezdőlapokat: Lap: 1
1 20 32 
 1 - 1

Tábla:
   1
  40
  55
  88

0. próba
1 77 104 
 1 - 2

Tábla:
   1
  40
  55
  88

1. próba
1 78 83 
 1 - 3

Tábla:
   1
  40
  55
  88

2. próba
1 43 44 
 1 - 4

Tábla:
   1
  40
  55
  88

3. próba
1 34 54 
 1 - 5

Tábla:
   1
  40
  55
  88

4. próba
1 19 40 
 1 - 6

Tábla:
   1
  40
  55
  88

5. próba
1 65 75 
 1 - 7

Tábla:
   1
  40
  55
  88

6. próba
1 48 81 
 1 - 8

Tábla:
   1
  40
  55
  88

7. próba
1 66 91 
 1 - 9

Tábla:
   1
  40
  55
  88

8. próba
1 41 112 
 1 - 9

Tábla:
  21  -2   1
  40
  55
  88

9. próba
1 39 114 
 1 - 9

Tábla:
  21
  -2   1
  55
  88

10. próba
1 14 87 
 1 - 10

Tábla:
   1
  40
  55
  88

11. próba
1 29 92 
 1 - 11

Tábla:
   1
  40
  55
  88

12. próba
1 35 38 
 1 - 12

Tábla:
   1
  40
  55
  88

13. próba
1 24 76 
 1 - 13

Tábla:
   1
  40
  55
  88

14. próba
1 78 79 
 1 - 14

Tábla:
   1
  40
  55
  88

15. próba
1 37 42 
 1 - 15

Tábla:
   1
  40
  55
  88

16. próba
1 22 51 
 1 - 16

Tábla:
   1
  40
  55
  88

17. próba
1 25 114 
 1 - 16

Tábla:
  21
  -2   1
  55
  88

18. próba
1 67 84 
 1 - 17

Tábla:
   1
  40
  55
  88

19. próba
1 19 22 
 1 - 18

Tábla:
   1
  40
  55
  88

20. próba
1 78 93 
 1 - 19

Tábla:
   1
  40
  55
  88

21. próba
1 15 101 
 1 - 20

Tábla:
   1
  40
  55
  88

22. próba
1 19 41 
 1 - 21

Tábla:
   1
  40
  55
  88

23. próba
1 13 43 
 1 - 22

Tábla:
   1
  40
  55
  88

24. próba
1 14 104 
 1 - 23

Tábla:
   1
  40
  55
  88

25. próba
1 19 26 
 1 - 24

Tábla:
   1
  40
  55
  88

26. próba
1 13 35 
 1 - 25

Tábla:
   1
  40
  55
  88

27. próba
1 47 108 
 1 - 26

Tábla:
   1
  40
  55
  88

28. próba
1 39 46 
 1 - 27

Tábla:
   1
  40
  55
  88

29. próba
1 39 48 
 1 - 28

Tábla:
   1
  40
  55
  88

30. próba
1 39 47 
 1 - 29

Tábla:
   1
  40
  55
  88

31. próba
1 39 50 
 1 - 30

Tábla:
   1
  40
  55
  88

32. próba
1 39 43 
 1 - 31

Tábla:
   1
  40
  55
  88

33. próba
1 39 47 
 1 - 32

Tábla:
   1
  40
  55
  88

34. próba
1 39 50 
 1 - 33

Tábla:
   1
  40
  55
  88

35. próba
1 39 50 
 1 - 34

Tábla:
   1
  40
  55
  88

36. próba
1 39 40 
 1 - 35

Tábla:
   1
  40
  55
  88

37. próba
1 39 49 
 1 - 36

Tábla:
   1
  40
  55
  88

38. próba
1 39 42 
 1 - 37

Tábla:
   1
  40
  55
  88

39. próba
1 39 51 
 1 - 38

Tábla:
   1
  40
  55
  88

40. próba
1 39 49 
 1 - 39

Tábla:
   1
  40
  55
  88

41. próba
1 39 50 
 1 - 40

Tábla:
   1
  40
  55
  88

42. próba
1 39 51 
 1 - 41

Tábla:
   1
  40
  55
  88

43. próba
1 39 49 
 1 - 42

Tábla:
   1
  40
  55
  88

44. próba
1 39 43 
 1 - 43

Tábla:
   1
  40
  55
  88

45. próba
1 39 40 
 1 - 44

Tábla:
   1
  40
  55
  88

46. próba
1 39 46 
 1 - 45

Tábla:
   1
  40
  55
  88

47. próba
1 39 40 
 1 - 46

Tábla:
   1
  40
  55
  88

48. próba
1 39 41 
 1 - 47

Tábla:
   1
  40
  55
  88

49. próba
1 39 51 
 1 - 48

Tábla:
   1
  40
  55
  88

50. próba
1 39 45 
 1 - 49

Tábla:
   1
  40
  55
  88

51. próba
1 39 50 
 1 - 50

Tábla:
   1
  40
  55
  88

52. próba
1 39 48 
 1 - 51

Tábla:
   1
  40
  55
  88

53. próba
1 39 48 
 1 - 52

Tábla:
   1
  40
  55
  88

54. próba
1 39 42 
 1 - 53

Tábla:
   1
  40
  55
  88

55. próba
1 39 43 
 1 - 54

Tábla:
   1
  40
  55
  88

56. próba
1 39 39 
 1 - 55

Tábla:
   1
  40
  55
  88

57. próba
1 39 43 
 1 - 56

Tábla:
   1
  40
  55
  88

58. próba
1 39 39 
 1 - 57

Tábla:
   1
  40
  55
  88

59. próba
1 39 41 
 1 - 58

Tábla:
   1
  40
  55
  88

60. próba
1 39 40 
 1 - 59

Tábla:
   1
  40
  55
  88

61. próba
1 39 40 
 1 - 60

Tábla:
   1
  40
  55
  88

62. próba
1 39 49 
 1 - 61

Tábla:
   1
  40
  55
  88

63. próba
1 39 40 
 1 - 62

Tábla:
   1
  40
  55
  88

64. próba
1 39 48 
 1 - 63

Tábla:
   1
  40
  55
  88

65. próba
1 39 39 
 1 - 64

Tábla:
   1
  40
  55
  88

66. próba
1 39 51 
 1 - 65

Tábla:
   1
  40
  55
  88

67. próba
1 39 40 
 1 - 66

Tábla:
   1
  40
  55
  88

68. próba
1 39 48 
 1 - 67

Tábla:
   1
  40
  55
  88

69. próba
1 39 39 
 1 - 68

Tábla:
   1
  40
  55
  88

70. próba
1 39 47 
 1 - 69

Tábla:
   1
  40
  55
  88

71. próba
1 39 44 
 1 - 70

Tábla:
   1
  40
  55
  88

72. próba
1 39 40 
 1 - 71

Tábla:
   1
  40
  55
  88

73. próba
1 39 42 
 1 - 72

Tábla:
   1
  40
  55
  88

74. próba
1 39 39 
 1 - 73

Tábla:
   1
  40
  55
  88

75. próba
1 39 43 
 1 - 74

Tábla:
   1
  40
  55
  88

76. próba
1 39 39 
 1 - 75

Tábla:
   1
  40
  55
  88

77. próba
1 39 43 
 1 - 76

Tábla:
   1
  40
  55
  88

78. próba
1 39 49 
 1 - 77

Tábla:
   1
  40
  55
  88

79. próba
1 39 43 
 1 - 78

Tábla:
   1
  40
  55
  88

80. próba
1 39 45 
 1 - 79

Tábla:
   1
  40
  55
  88

81. próba
1 39 40 
 1 - 80

Tábla:
   1
  40
  55
  88

82. próba
1 39 50 
 1 - 81

Tábla:
   1
  40
  55
  88

83. próba
1 39 50 
 1 - 82

Tábla:
   1
  40
  55
  88

84. próba
1 39 42 
 1 - 83

Tábla:
   1
  40
  55
  88

85. próba
1 39 40 
 1 - 84

Tábla:
   1
  40
  55
  88

86. próba
1 39 49 
 1 - 85

Tábla:
   1
  40
  55
  88

87. próba
1 39 47 
 1 - 86

Tábla:
   1
  40
  55
  88

88. próba
1 39 43 
 1 - 87

Tábla:
   1
  40
  55
  88

89. próba
1 39 44 
 1 - 88

Tábla:
   1
  40
  55
  88

90. próba
1 39 51 
 1 - 89

Tábla:
   1
  40
  55
  88

91. próba
1 39 50 
 1 - 90

Tábla:
   1
  40
  55
  88

92. próba
1 39 40 
 1 - 91

Tábla:
   1
  40
  55
  88

93. próba
1 39 39 
 1 - 92

Tábla:
   1
  40
  55
  88

94. próba
1 39 41 
 1 - 93

Tábla:
   1
  40
  55
  88

95. próba
1 39 51 
 1 - 94

Tábla:
   1
  40
  55
  88

96. próba
1 39 45 
 1 - 95

Tábla:
   1
  40
  55
  88

97. próba
1 39 51 
 1 - 96

Tábla:
   1
  40
  55
  88

98. próba
1 39 42 
 1 - 97

Tábla:
   1
  40
  55
  88

99. próba
1 39 49 
 1 - 98

Tábla:
   1
  40
  55
  88

100. próba
1 39 51 
 1 - 99

Tábla:
   1
  40
  55
  88

101. próba
1 39 45 
 1 - 100

Tábla:
   1
  40
  55
  88

102. próba
1 39 43 
 1 - 101

Tábla:
   1
  40
  55
  88

103. próba
1 39 51 
 1 - 102

Tábla:
   1
  40
  55
  88

104. próba
1 39 39 
 1 - 103

Tábla:
   1
  40
  55
  88

105. próba
1 39 50 
 1 - 104

Tábla:
   1
  40
  55
  88

106. próba
1 39 46 
 1 - 105

Tábla:
   1
  40
  55
  88

107. próba
1 39 47 
 1 - 106

Tábla:
   1
  40
  55
  88

108. próba
1 39 48 
 1 - 107

Tábla:
   1
  40
  55
  88

109. próba
1 39 48 
 1 - 108

Tábla:
   1
  40
  55
  88

110. próba
1 39 42 
 1 - 109

Tábla:
   1
  40
  55
  88

111. próba
1 39 48 
 1 - 110

Tábla:
   1
  40
  55
  88

112. próba
1 39 44 
 1 - 111

Tábla:
   1
  40
  55
  88

113. próba
1 39 46 
 1 - 112

Tábla:
   1
  40
  55
  88

114. próba
1 39 50 
 1 - 113

Tábla:
   1
  40
  55
  88

115. próba
1 39 51 
 1 - 114

Tábla:
   1
  40
  55
  88

116. próba
1 39 48 
 1 - 115

Tábla:
   1
  40
  55
  88

117. próba
1 39 51 
 1 - 116

Tábla:
   1
  40
  55
  88

118. próba
1 39 50 
 1 - 117

Tábla:
   1
  40
  55
  88

119. próba
1 39 42 
 1 - 118

Tábla:
   1
  40
  55
  88

120. próba
1 39 41 
 1 - 119

Tábla:
   1
  40
  55
  88

121. próba
1 39 41 
 1 - 120

Tábla:
   1
  40
  55
  88

122. próba
1 39 49 
 1 - 121

Tábla:
   1
  40
  55
  88

123. próba
1 39 47 
 1 - 122

Tábla:
   1
  40
  55
  88

124. próba
1 39 46 
 1 - 123

Tábla:
   1
  40
  55
  88

125. próba
1 39 45 
 1 - 124

Tábla:
   1
  40
  55
  88

126. próba
1 39 50 
 1 - 125

Tábla:
   1
  40
  55
  88

127. próba
1 39 41 
 1 - 126

Tábla:
   1
  40
  55
  88

128. próba
1 39 45 
 1 - 127

Tábla:
   1
  40
  55
  88

129. próba
1 39 51 
 1 - 128

Tábla:
   1
  40
  55
  88

130. próba
1 39 39 
 1 - 129

Tábla:
   1
  40
  55
  88

131. próba
1 39 41 
 1 - 130

Tábla:
   1
  40
  55
  88

132. próba
1 39 50 
 1 - 131

Tábla:
   1
  40
  55
  88

133. próba
1 39 47 
 1 - 132

Tábla:
   1
  40
  55
  88

134. próba
1 39 46 
 1 - 133

Tábla:
   1
  40
  55
  88

135. próba
1 39 44 
 1 - 134

Tábla:
   1
  40
  55
  88

136. próba
1 39 44 
 1 - 135

Tábla:
   1
  40
  55
  88

137. próba
1 39 40 
 1 - 136

Tábla:
   1
  40
  55
  88

138. próba
1 39 46 
 1 - 137

Tábla:
   1
  40
  55
  88

139. próba
1 39 44 
 1 - 138

Tábla:
   1
  40
  55
  88

140. próba
1 39 41 
 1 - 139

Tábla:
   1
  40
  55
  88

141. próba
1 39 40 
 1 - 140

Tábla:
   1
  40
  55
  88

142. próba
1 39 44 
 1 - 141

Tábla:
   1
  40
  55
  88

143. próba
1 39 50 
 1 - 142

Tábla:
   1
  40
  55
  88

144. próba
1 39 39 
 1 - 143

Tábla:
   1
  40
  55
  88

145. próba
1 39 39 
 1 - 144

Tábla:
   1
  40
  55
  88

146. próba
1 39 39 
 1 - 145

Tábla:
   1
  40
  55
  88

147. próba
1 39 49 
 1 - 146

Tábla:
   1
  40
  55
  88

148. próba
1 39 41 
 1 - 147

Tábla:
   1
  40
  55
  88

149. próba
1 39 48 
 1 - 148

Tábla:
   1
  40
  55
  88

150. próba
1 39 47 
 1 - 149

Tábla:
   1
  40
  55
  88

151. próba
1 39 48 
 1 - 150

Tábla:
   1
  40
  55
  88

152. próba
1 39 43 
 1 - 151

Tábla:
   1
  40
  55
  88

153. próba
1 39 49 
 1 - 152

Tábla:
   1
  40
  55
  88

154. próba
1 39 40 
 1 - 153

Tábla:
   1
  40
  55
  88

155. próba
1 39 45 
 1 - 154

Tábla:
   1
  40
  55
  88

156. próba
1 39 45 
 1 - 155

Tábla:
   1
  40
  55
  88

157. próba
1 39 47 
 1 - 156

Tábla:
   1
  40
  55
  88

158. próba
1 39 44 
 1 - 157

Tábla:
   1
  40
  55
  88

159. próba
1 39 51 
 1 - 158

Tábla:
   1
  40
  55
  88

160. próba
1 39 41 
 1 - 159

Tábla:
   1
  40
  55
  88

161. próba
1 39 50 
 1 - 160

Tábla:
   1
  40
  55
  88

162. próba
1 39 40 
 1 - 161

Tábla:
   1
  40
  55
  88

163. próba
1 39 51 
 1 - 162

Tábla:
   1
  40
  55
  88

164. próba
1 39 42 
 1 - 163

Tábla:
   1
  40
  55
  88

165. próba
1 39 51 
 1 - 164

Tábla:
   1
  40
  55
  88

166. próba
1 39 42 
 1 - 165

Tábla:
   1
  40
  55
  88

167. próba
1 39 46 
 1 - 166

Tábla:
   1
  40
  55
  88

168. próba
1 39 50 
 1 - 167

Tábla:
   1
  40
  55
  88

169. próba
1 39 51 
 1 - 168

Tábla:
   1
  40
  55
  88

170. próba
1 39 51 
 1 - 169

Tábla:
   1
  40
  55
  88

171. próba
1 39 45 
 1 - 170

Tábla:
   1
  40
  55
  88

172. próba
1 39 39 
 1 - 171

Tábla:
   1
  40
  55
  88

173. próba
1 39 51 
 1 - 172

Tábla:
   1
  40
  55
  88

174. próba
1 39 51 
 1 - 173

Tábla:
   1
  40
  55
  88

175. próba
1 39 42 
 1 - 174

Tábla:
   1
  40
  55
  88

176. próba
1 39 46 
 1 - 175

Tábla:
   1
  40
  55
  88

177. próba
1 39 44 
 1 - 176

Tábla:
   1
  40
  55
  88

178. próba
1 39 47 
 1 - 177

Tábla:
   1
  40
  55
  88

179. próba
1 39 48 
 1 - 178

Tábla:
   1
  40
  55
  88

180. próba
1 39 42 
 1 - 179

Tábla:
   1
  40
  55
  88

181. próba
1 39 40 
 1 - 180

Tábla:
   1
  40
  55
  88

182. próba
1 39 49 
 1 - 181

Tábla:
   1
  40
  55
  88

183. próba
1 39 49 
 1 - 182

Tábla:
   1
  40
  55
  88

184. próba
1 39 47 
 1 - 183

Tábla:
   1
  40
  55
  88

185. próba
1 39 43 
 1 - 184

Tábla:
   1
  40
  55
  88

186. próba
1 39 43 
 1 - 185

Tábla:
   1
  40
  55
  88

187. próba
1 39 42 
 1 - 186

Tábla:
   1
  40
  55
  88

188. próba
1 39 49 
 1 - 187

Tábla:
   1
  40
  55
  88

189. próba
1 39 39 
 1 - 188

Tábla:
   1
  40
  55
  88

190. próba
1 39 49 
 1 - 189

Tábla:
   1
  40
  55
  88

191. próba
1 39 49 
 1 - 190

Tábla:
   1
  40
  55
  88

192. próba
1 39 51 
 1 - 191

Tábla:
   1
  40
  55
  88

193. próba
1 39 47 
 1 - 192

Tábla:
   1
  40
  55
  88

194. próba
1 39 39 
 1 - 193

Tábla:
   1
  40
  55
  88

195. próba
1 39 46 
 1 - 194

Tábla:
   1
  40
  55
  88

196. próba
1 39 50 
 1 - 195

Tábla:
   1
  40
  55
  88

197. próba
1 39 47 
 1 - 196

Tábla:
   1
  40
  55
  88

198. próba
1 39 40 
 1 - 197

Tábla:
   1
  40
  55
  88

199. próba
1 39 39 
 1 - 198

Tábla:
   1
  40
  55
  88

200. próba
1 39 47 
 1 - 199

Tábla:
   1
  40
  55
  88

201. próba
1 39 49 
 1 - 200

Tábla:
   1
  40
  55
  88

202. próba
1 39 45 
 1 - 201

Tábla:
   1
  40
  55
  88

203. próba
1 39 43 
 1 - 202

Tábla:
   1
  40
  55
  88

204. próba
1 39 46 
 1 - 203

Tábla:
   1
  40
  55
  88

205. próba
1 39 41 
 1 - 204

Tábla:
   1
  40
  55
  88

206. próba
1 39 48 
 1 - 205

Tábla:
   1
  40
  55
  88

207. próba
1 39 42 
 1 - 206

Tábla:
   1
  40
  55
  88

208. próba
1 39 48 
 1 - 207

Tábla:
   1
  40
  55
  88

209. próba
1 39 45 
 1 - 208

Tábla:
   1
  40
  55
  88

210. próba
1 39 39 
 1 - 209

Tábla:
   1
  40
  55
  88

211. próba
1 39 41 
 1 - 210

Tábla:
   1
  40
  55
  88

212. próba
1 39 46 
 1 - 211

Tábla:
   1
  40
  55
  88

213. próba
1 39 48 
 1 - 212

Tábla:
   1
  40
  55
  88

214. próba
1 39 50 
 1 - 213

Tábla:
   1
  40
  55
  88

215. próba
1 39 49 
 1 - 214

Tábla:
   1
  40
  55
  88

216. próba
1 39 42 
 1 - 215

Tábla:
   1
  40
  55
  88

217. próba
1 39 41 
 1 - 216

Tábla:
   1
  40
  55
  88

218. próba
1 39 49 
 1 - 217

Tábla:
   1
  40
  55
  88

219. próba
1 39 45 
 1 - 218

Tábla:
   1
  40
  55
  88

220. próba
1 39 48 
 1 - 219

Tábla:
   1
  40
  55
  88

221. próba
1 39 46 
 1 - 220

Tábla:
   1
  40
  55
  88

222. próba
1 39 51 
 1 - 221

Tábla:
   1
  40
  55
  88

223. próba
1 39 49 
 1 - 222

Tábla:
   1
  40
  55
  88

224. próba
1 39 42 
 1 - 223

Tábla:
   1
  40
  55
  88

225. próba
1 39 51 
 1 - 224

Tábla:
   1
  40
  55
  88

226. próba
1 39 41 
 1 - 225

Tábla:
   1
  40
  55
  88

227. próba
1 39 43 
 1 - 226

Tábla:
   1
  40
  55
  88

228. próba
1 39 51 
 1 - 227

Tábla:
   1
  40
  55
  88

229. próba
1 39 43 
 1 - 228

Tábla:
   1
  40
  55
  88

230. próba
1 39 45 
 1 - 229

Tábla:
   1
  40
  55
  88

231. próba
1 39 43 
 1 - 230

Tábla:
   1
  40
  55
  88

232. próba
1 39 42 
 1 - 231

Tábla:
   1
  40
  55
  88

233. próba
1 39 41 
 1 - 232

Tábla:
   1
  40
  55
  88

234. próba
1 39 43 
 1 - 233

Tábla:
   1
  40
  55
  88

235. próba
1 39 39 
 1 - 234

Tábla:
   1
  40
  55
  88

236. próba
1 39 48 
 1 - 235

Tábla:
   1
  40
  55
  88

237. próba
1 39 40 
 1 - 236

Tábla:
   1
  40
  55
  88

238. próba
1 39 40 
 1 - 237

Tábla:
   1
  40
  55
  88

239. próba
1 39 39 
 1 - 238

Tábla:
   1
  40
  55
  88

240. próba
1 39 46 
 1 - 239

Tábla:
   1
  40
  55
  88

241. próba
1 39 50 
 1 - 240

Tábla:
   1
  40
  55
  88

242. próba
1 39 43 
 1 - 241

Tábla:
   1
  40
  55
  88

243. próba
1 39 42 
 1 - 242

Tábla:
   1
  40
  55
  88

244. próba
1 39 51 
 1 - 243

Tábla:
   1
  40
  55
  88

245. próba
1 39 50 
 1 - 244

Tábla:
   1
  40
  55
  88

246. próba
1 39 41 
 1 - 245

Tábla:
   1
  40
  55
  88

247. próba
1 39 40 
 1 - 246

Tábla:
   1
  40
  55
  88

248. próba
1 39 44 
 1 - 247

Tábla:
   1
  40
  55
  88

249. próba
1 39 48 
 1 - 248

Tábla:
   1
  40
  55
  88

250. próba
1 39 41 
 1 - 249

Tábla:
   1
  40
  55
  88

251. próba
1 39 39 
 1 - 250

Tábla:
   1
  40
  55
  88

252. próba
1 39 51 
 1 - 251

Tábla:
   1
  40
  55
  88

253. próba
1 39 48 
 1 - 252

Tábla:
   1
  40
  55
  88

254. próba
1 39 41 
 1 - 253

Tábla:
   1
  40
  55
  88

255. próba
1 39 41 
 1 - 254

Tábla:
   1
  40
  55
  88

256. próba
1 39 46 
 1 - 255

Tábla:
   1
  40
  55
  88

257. próba
1 39 50 
 1 - 256

Tábla:
   1
  40
  55
  88

258. próba
1 39 48 
 1 - 257

Tábla:
   1
  40
  55
  88

259. próba
1 39 45 
 1 - 258

Tábla:
   1
  40
  55
  88

260. próba
1 39 50 
 1 - 259

Tábla:
   1
  40
  55
  88

261. próba
1 39 50 
 1 - 260

Tábla:
   1
  40
  55
  88

262. próba
1 39 43 
 1 - 261

Tábla:
   1
  40
  55
  88

263. próba
1 39 46 
 1 - 262

Tábla:
   1
  40
  55
  88

264. próba
1 39 51 
 1 - 263

Tábla:
   1
  40
  55
  88

265. próba
1 39 43 
 1 - 264

Tábla:
   1
  40
  55
  88

266. próba
1 39 44 
 1 - 265

Tábla:
   1
  40
  55
  88

267. próba
1 39 51 
 1 - 266

Tábla:
   1
  40
  55
  88

268. próba
1 39 41 
 1 - 267

Tábla:
   1
  40
  55
  88

269. próba
1 39 46 
 1 - 268

Tábla:
   1
  40
  55
  88

270. próba
1 39 46 
 1 - 269

Tábla:
   1
  40
  55
  88

271. próba
1 39 43 
 1 - 270

Tábla:
   1
  40
  55
  88

272. próba
1 39 40 
 1 - 271

Tábla:
   1
  40
  55
  88

273. próba
1 39 47 
 1 - 272

Tábla:
   1
  40
  55
  88

274. próba
1 39 40 
 1 - 273

Tábla:
   1
  40
  55
  88

275. próba
1 39 51 
 1 - 274

Tábla:
   1
  40
  55
  88

276. próba
1 39 51 
 1 - 275

Tábla:
   1
  40
  55
  88

277. próba
1 39 40 
 1 - 276

Tábla:
   1
  40
  55
  88

278. próba
1 39 39 
 1 - 277

Tábla:
   1
  40
  55
  88

279. próba
1 39 46 
 1 - 278

Tábla:
   1
  40
  55
  88

280. próba
1 39 44 
 1 - 279

Tábla:
   1
  40
  55
  88

281. próba
1 39 42 
 1 - 280

Tábla:
   1
  40
  55
  88

282. próba
1 39 47 
 1 - 281

Tábla:
   1
  40
  55
  88

283. próba
1 39 42 
 1 - 282

Tábla:
   1
  40
  55
  88

284. próba
1 39 39 
 1 - 283

Tábla:
   1
  40
  55
  88

285. próba
1 39 43 
 1 - 284

Tábla:
   1
  40
  55
  88

286. próba
1 39 39 
 1 - 285

Tábla:
   1
  40
  55
  88

287. próba
1 39 42 
 1 - 286

Tábla:
   1
  40
  55
  88

288. próba
1 39 47 
 1 - 287

Tábla:
   1
  40
  55
  88

289. próba
1 39 48 
 1 - 288

Tábla:
   1
  40
  55
  88

290. próba
1 39 51 
 1 - 289

Tábla:
   1
  40
  55
  88

291. próba
1 39 50 
 1 - 290

Tábla:
   1
  40
  55
  88

292. próba
1 39 51 
 1 - 291

Tábla:
   1
  40
  55
  88

293. próba
1 39 45 
 1 - 292

Tábla:
   1
  40
  55
  88

294. próba
1 39 49 
 1 - 293

Tábla:
   1
  40
  55
  88

295. próba
1 39 47 
 1 - 294

Tábla:
   1
  40
  55
  88

296. próba
1 39 51 
 1 - 295

Tábla:
   1
  40
  55
  88

297. próba
1 39 47 
 1 - 296

Tábla:
   1
  40
  55
  88

298. próba
1 39 48 
 1 - 297

Tábla:
   1
  40
  55
  88

299. próba
1 39 42 
 1 - 298

Tábla:
   1
  40
  55
  88

300. próba
1 39 44 
 1 - 299

Tábla:
   1
  40
  55
  88

301. próba
1 39 40 
 1 - 300

Tábla:
   1
  40
  55
  88

302. próba
1 39 48 
 1 - 301

Tábla:
   1
  40
  55
  88

303. próba
1 39 42 
 1 - 302

Tábla:
   1
  40
  55
  88

304. próba
1 39 46 
 1 - 303

Tábla:
   1
  40
  55
  88

305. próba
1 39 49 
 1 - 304

Tábla:
   1
  40
  55
  88

306. próba
1 39 50 
 1 - 305

Tábla:
   1
  40
  55
  88

307. próba
1 39 51 
 1 - 306

Tábla:
   1
  40
  55
  88

308. próba
1 39 51 
 1 - 307

Tábla:
   1
  40
  55
  88

309. próba
1 39 43 
 1 - 308

Tábla:
   1
  40
  55
  88

310. próba
1 39 42 
 1 - 309

Tábla:
   1
  40
  55
  88

311. próba
1 39 49 
 1 - 310

Tábla:
   1
  40
  55
  88

312. próba
1 39 42 
 1 - 311

Tábla:
   1
  40
  55
  88

313. próba
1 39 49 
 1 - 312

Tábla:
   1
  40
  55
  88

314. próba
1 39 45 
 1 - 313

Tábla:
   1
  40
  55
  88

315. próba
1 39 45 
 1 - 314

Tábla:
   1
  40
  55
  88

316. próba
1 39 51 
 1 - 315

Tábla:
   1
  40
  55
  88

317. próba
1 39 41 
 1 - 316

Tábla:
   1
  40
  55
  88

318. próba
1 39 49 
 1 - 317

Tábla:
   1
  40
  55
  88

319. próba
1 39 46 
 1 - 318

Tábla:
   1
  40
  55
  88

320. próba
1 39 40 
 1 - 319

Tábla:
   1
  40
  55
  88

321. próba
1 39 42 
 1 - 320

Tábla:
   1
  40
  55
  88

322. próba
1 39 45 
 1 - 321

Tábla:
   1
  40
  55
  88

323. próba
1 39 49 
 1 - 322

Tábla:
   1
  40
  55
  88

324. próba
1 39 39 
 1 - 323

Tábla:
   1
  40
  55
  88

325. próba
1 39 42 
 1 - 324

Tábla:
   1
  40
  55
  88

326. próba
1 39 39 
 1 - 325

Tábla:
   1
  40
  55
  88

327. próba
1 39 46 
 1 - 326

Tábla:
   1
  40
  55
  88

328. próba
1 39 50 
 1 - 327

Tábla:
   1
  40
  55
  88

329. próba
1 39 45 
 1 - 328

Tábla:
   1
  40
  55
  88

330. próba
1 39 44 
 1 - 329

Tábla:
   1
  40
  55
  88

331. próba
1 39 50 
 1 - 330

Tábla:
   1
  40
  55
  88

332. próba
1 39 45 
 1 - 331

Tábla:
   1
  40
  55
  88

333. próba
1 39 46 
 1 - 332

Tábla:
   1
  40
  55
  88

334. próba
1 39 41 
 1 - 333

Tábla:
   1
  40
  55
  88

335. próba
1 39 42 
 1 - 334

Tábla:
   1
  40
  55
  88

336. próba
1 39 49 
 1 - 335

Tábla:
   1
  40
  55
  88

337. próba
1 39 46 
 1 - 336

Tábla:
   1
  40
  55
  88

338. próba
1 39 51 
 1 - 337

Tábla:
   1
  40
  55
  88

339. próba
1 39 51 
 1 - 338

Tábla:
   1
  40
  55
  88

340. próba
1 39 47 
 1 - 339

Tábla:
   1
  40
  55
  88

341. próba
1 39 45 
 1 - 340

Tábla:
   1
  40
  55
  88

342. próba
1 39 44 
 1 - 341

Tábla:
   1
  40
  55
  88

343. próba
1 39 40 
 1 - 342

Tábla:
   1
  40
  55
  88

344. próba
1 39 48 
 1 - 343

Tábla:
   1
  40
  55
  88

345. próba
1 39 41 
 1 - 344

Tábla:
   1
  40
  55
  88

346. próba
1 39 46 
 1 - 345

Tábla:
   1
  40
  55
  88

347. próba
1 39 39 
 1 - 346

Tábla:
   1
  40
  55
  88

348. próba
1 39 40 
 1 - 347

Tábla:
   1
  40
  55
  88

349. próba
1 39 48 
 1 - 348

Tábla:
   1
  40
  55
  88

350. próba
1 39 39 
 1 - 349

Tábla:
   1
  40
  55
  88

351. próba
1 39 47 
 1 - 350

Tábla:
   1
  40
  55
  88

352. próba
1 39 47 
 1 - 351

Tábla:
   1
  40
  55
  88

353. próba
1 39 48 
 1 - 352

Tábla:
   1
  40
  55
  88

354. próba
1 39 44 
 1 - 353

Tábla:
   1
  40
  55
  88

355. próba
1 39 49 
 1 - 354

Tábla:
   1
  40
  55
  88

356. próba
1 39 51 
 1 - 355

Tábla:
   1
  40
  55
  88

357. próba
1 39 42 
 1 - 356

Tábla:
   1
  40
  55
  88

358. próba
1 39 50 
 1 - 357

Tábla:
   1
  40
  55
  88

359. próba
1 39 40 
 1 - 358

Tábla:
   1
  40
  55
  88

360. próba
1 39 43 
 1 - 359

Tábla:
   1
  40
  55
  88

361. próba
1 39 49 
 1 - 360

Tábla:
   1
  40
  55
  88

362. próba
1 39 40 
 1 - 361

Tábla:
   1
  40
  55
  88

363. próba
1 39 47 
 1 - 362

Tábla:
   1
  40
  55
  88

364. próba
1 39 39 
 1 - 363

Tábla:
   1
  40
  55
  88

365. próba
1 39 51 
 1 - 364

Tábla:
   1
  40
  55
  88

366. próba
1 39 46 
 1 - 365

Tábla:
   1
  40
  55
  88

367. próba
1 39 41 
 1 - 366

Tábla:
   1
  40
  55
  88

368. próba
1 39 42 
 1 - 367

Tábla:
   1
  40
  55
  88

369. próba
1 39 50 
 1 - 368

Tábla:
   1
  40
  55
  88

370. próba
1 39 43 
 1 - 369

Tábla:
   1
  40
  55
  88

371. próba
1 39 42 
 1 - 370

Tábla:
   1
  40
  55
  88

372. próba
1 39 51 
 1 - 371

Tábla:
   1
  40
  55
  88

373. próba
1 39 42 
 1 - 372

Tábla:
   1
  40
  55
  88

374. próba
1 39 47 
 1 - 373

Tábla:
   1
  40
  55
  88

375. próba
1 39 39 
 1 - 374

Tábla:
   1
  40
  55
  88

376. próba
1 39 40 
 1 - 375

Tábla:
   1
  40
  55
  88

377. próba
1 39 42 
 1 - 376

Tábla:
   1
  40
  55
  88

378. próba
1 39 46 
 1 - 377

Tábla:
   1
  40
  55
  88

379. próba
1 39 47 
 1 - 378

Tábla:
   1
  40
  55
  88

380. próba
1 39 51 
 1 - 379

Tábla:
   1
  40
  55
  88

381. próba
1 39 42 
 1 - 380

Tábla:
   1
  40
  55
  88

382. próba
1 39 48 
 1 - 381

Tábla:
   1
  40
  55
  88

383. próba
1 39 46 
 1 - 382

Tábla:
   1
  40
  55
  88

384. próba
1 39 45 
 1 - 383

Tábla:
   1
  40
  55
  88

385. próba
1 39 42 
 1 - 384

Tábla:
   1
  40
  55
  88

386. próba
1 39 47 
 1 - 385

Tábla:
   1
  40
  55
  88

387. próba
1 39 51 
 1 - 386

Tábla:
   1
  40
  55
  88

388. próba
1 39 39 
 1 - 387

Tábla:
   1
  40
  55
  88

389. próba
1 39 46 
 1 - 388

Tábla:
   1
  40
  55
  88

390. próba
1 39 44 
 1 - 389

Tábla:
   1
  40
  55
  88

391. próba
1 39 44 
 1 - 390

Tábla:
   1
  40
  55
  88

392. próba
1 39 49 
 1 - 391

Tábla:
   1
  40
  55
  88

393. próba
1 39 48 
 1 - 392

Tábla:
   1
  40
  55
  88

394. próba
1 39 42 
 1 - 393

Tábla:
   1
  40
  55
  88

395. próba
1 39 40 
 1 - 394

Tábla:
   1
  40
  55
  88

396. próba
1 39 47 
 1 - 395

Tábla:
   1
  40
  55
  88

397. próba
1 39 43 
 1 - 396

Tábla:
   1
  40
  55
  88

398. próba
1 39 48 
 1 - 397

Tábla:
   1
  40
  55
  88

399. próba
1 39 43 
 1 - 398

Tábla:
   1
  40
  55
  88

400. próba
1 39 46 
 1 - 399

Tábla:
   1
  40
  55
  88

401. próba
1 39 39 
 1 - 400

Tábla:
   1
  40
  55
  88

402. próba
1 39 49 
 1 - 401

Tábla:
   1
  40
  55
  88

403. próba
1 39 42 
 1 - 402

Tábla:
   1
  40
  55
  88

404. próba
1 39 45 
 1 - 403

Tábla:
   1
  40
  55
  88

405. próba
1 39 48 
 1 - 404

Tábla:
   1
  40
  55
  88

406. próba
1 39 39 
 1 - 405

Tábla:
   1
  40
  55
  88

407. próba
1 39 43 
 1 - 406

Tábla:
   1
  40
  55
  88

408. próba
1 39 40 
 1 - 407

Tábla:
   1
  40
  55
  88

409. próba
1 39 43 
 1 - 408

Tábla:
   1
  40
  55
  88

410. próba
1 39 50 
 1 - 409

Tábla:
   1
  40
  55
  88

411. próba
1 39 47 
 1 - 410

Tábla:
   1
  40
  55
  88

412. próba
1 39 41 
 1 - 411

Tábla:
   1
  40
  55
  88

413. próba
1 39 50 
 1 - 412

Tábla:
   1
  40
  55
  88

414. próba
1 39 39 
 1 - 413

Tábla:
   1
  40
  55
  88

415. próba
1 39 41 
 1 - 414

Tábla:
   1
  40
  55
  88

416. próba
1 39 46 
 1 - 415

Tábla:
   1
  40
  55
  88

417. próba
1 39 39 
 1 - 416

Tábla:
   1
  40
  55
  88

418. próba
1 39 42 
 1 - 417

Tábla:
   1
  40
  55
  88

419. próba
1 39 51 
 1 - 418

Tábla:
   1
  40
  55
  88

420. próba
1 39 45 
 1 - 419

Tábla:
   1
  40
  55
  88

421. próba
1 39 40 
 1 - 420

Tábla:
   1
  40
  55
  88

422. próba
1 39 49 
 1 - 421

Tábla:
   1
  40
  55
  88

423. próba
1 39 47 
 1 - 422

Tábla:
   1
  40
  55
  88

424. próba
1 39 50 
 1 - 423

Tábla:
   1
  40
  55
  88

425. próba
1 39 49 
 1 - 424

Tábla:
   1
  40
  55
  88

426. próba
1 39 42 
 1 - 425

Tábla:
   1
  40
  55
  88

427. próba
1 39 45 
 1 - 426

Tábla:
   1
  40
  55
  88

428. próba
1 39 44 
 1 - 427

Tábla:
   1
  40
  55
  88

429. próba
1 39 51 
 1 - 428

Tábla:
   1
  40
  55
  88

430. próba
1 39 42 
 1 - 429

Tábla:
   1
  40
  55
  88

431. próba
1 39 43 
 1 - 430

Tábla:
   1
  40
  55
  88

432. próba
1 39 51 
 1 - 431

Tábla:
   1
  40
  55
  88

433. próba
1 39 51 
 1 - 432

Tábla:
   1
  40
  55
  88

434. próba
1 39 46 
 1 - 433

Tábla:
   1
  40
  55
  88

435. próba
1 39 51 
 1 - 434

Tábla:
   1
  40
  55
  88

436. próba
1 39 50 
 1 - 435

Tábla:
   1
  40
  55
  88

437. próba
1 39 43 
 1 - 436

Tábla:
   1
  40
  55
  88

438. próba
1 39 45 
 1 - 437

Tábla:
   1
  40
  55
  88

439. próba
1 39 42 
 1 - 438

Tábla:
   1
  40
  55
  88

440. próba
1 39 47 
 1 - 439

Tábla:
   1
  40
  55
  88

441. próba
1 39 44 
 1 - 440

Tábla:
   1
  40
  55
  88

442. próba
1 39 43 
 1 - 441

Tábla:
   1
  40
  55
  88

443. próba
1 39 47 
 1 - 442

Tábla:
   1
  40
  55
  88

444. próba
1 39 48 
 1 - 443

Tábla:
   1
  40
  55
  88

445. próba
1 39 50 
 1 - 444

Tábla:
   1
  40
  55
  88

446. próba
1 39 50 
 1 - 445

Tábla:
   1
  40
  55
  88

447. próba
1 39 42 
 1 - 446

Tábla:
   1
  40
  55
  88

448. próba
1 39 49 
 1 - 447

Tábla:
   1
  40
  55
  88

449. próba
1 39 46 
 1 - 448

Tábla:
   1
  40
  55
  88

450. próba
1 39 46 
 1 - 449

Tábla:
   1
  40
  55
  88

451. próba
1 39 41 
 1 - 450

Tábla:
   1
  40
  55
  88

452. próba
1 39 43 
 1 - 451

Tábla:
   1
  40
  55
  88

453. próba
1 39 45 
 1 - 452

Tábla:
   1
  40
  55
  88

454. próba
1 39 43 
 1 - 453

Tábla:
   1
  40
  55
  88

455. próba
1 39 39 
 1 - 454

Tábla:
   1
  40
  55
  88

456. próba
1 39 45 
 1 - 455

Tábla:
   1
  40
  55
  88

457. próba
1 39 41 
 1 - 456

Tábla:
   1
  40
  55
  88

458. próba
1 39 39 
 1 - 457

Tábla:
   1
  40
  55
  88

459. próba
1 39 39 
 1 - 458

Tábla:
   1
  40
  55
  88

460. próba
1 39 50 
 1 - 459

Tábla:
   1
  40
  55
  88

461. próba
1 39 45 
 1 - 460

Tábla:
   1
  40
  55
  88

462. próba
1 39 43 
 1 - 461

Tábla:
   1
  40
  55
  88

463. próba
1 39 44 
 1 - 462

Tábla:
   1
  40
  55
  88

464. próba
1 39 45 
 1 - 463

Tábla:
   1
  40
  55
  88

465. próba
1 39 39 
 1 - 464

Tábla:
   1
  40
  55
  88

466. próba
1 39 45 
 1 - 465

Tábla:
   1
  40
  55
  88

467. próba
1 39 48 
 1 - 466

Tábla:
   1
  40
  55
  88

468. próba
1 39 48 
 1 - 467

Tábla:
   1
  40
  55
  88

469. próba
1 39 49 
 1 - 468

Tábla:
   1
  40
  55
  88

470. próba
1 39 49 
 1 - 469

Tábla:
   1
  40
  55
  88

471. próba
1 39 39 
 1 - 470

Tábla:
   1
  40
  55
  88

472. próba
1 39 45 
 1 - 471

Tábla:
   1
  40
  55
  88

473. próba
1 39 50 
 1 - 472

Tábla:
   1
  40
  55
  88

474. próba
1 39 44 
 1 - 473

Tábla:
   1
  40
  55
  88

475. próba
1 39 51 
 1 - 474

Tábla:
   1
  40
  55
  88

476. próba
1 39 48 
 1 - 475

Tábla:
   1
  40
  55
  88

477. próba
1 39 42 
 1 - 476

Tábla:
   1
  40
  55
  88

478. próba
1 39 40 
 1 - 477

Tábla:
   1
  40
  55
  88

479. próba
1 39 49 
 1 - 478

Tábla:
   1
  40
  55
  88

480. próba
1 39 51 
 1 - 479

Tábla:
   1
  40
  55
  88

481. próba
1 39 50 
 1 - 480

Tábla:
   1
  40
  55
  88

482. próba
1 39 41 
 1 - 481

Tábla:
   1
  40
  55
  88

483. próba
1 39 50 
 1 - 482

Tábla:
   1
  40
  55
  88

484. próba
1 39 46 
 1 - 483

Tábla:
   1
  40
  55
  88

485. próba
1 39 51 
 1 - 484

Tábla:
   1
  40
  55
  88

486. próba
1 39 45 
 1 - 485

Tábla:
   1
  40
  55
  88

487. próba
1 39 43 
 1 - 486

Tábla:
   1
  40
  55
  88

488. próba
1 39 51 
 1 - 487

Tábla:
   1
  40
  55
  88

489. próba
1 39 44 
 1 - 488

Tábla:
   1
  40
  55
  88

490. próba
1 39 43 
 1 - 489

Tábla:
   1
  40
  55
  88

491. próba
1 39 46 
 1 - 490

Tábla:
   1
  40
  55
  88

492. próba
1 39 42 
 1 - 491

Tábla:
   1
  40
  55
  88

493. próba
1 39 47 
 1 - 492

Tábla:
   1
  40
  55
  88

494. próba
1 39 43 
 1 - 493

Tábla:
   1
  40
  55
  88

495. próba
1 39 40 
 1 - 494

Tábla:
   1
  40
  55
  88

496. próba
1 39 41 
 1 - 495

Tábla:
   1
  40
  55
  88

497. próba
1 39 39 
 1 - 496

Tábla:
   1
  40
  55
  88

498. próba
1 39 45 
 1 - 497

Tábla:
   1
  40
  55
  88

499. próba
1 39 47 
 1 - 498

Tábla:
   1
  40
  55
  88

500. próba
1 39 50 
 1 - 499

Tábla:
   1
  40
  55
  88

501. próba
1 39 47 
 1 - 500

Tábla:
   1
  40
  55
  88

502. próba
1 39 49 
 1 - 501

Tábla:
   1
  40
  55
  88

503. próba
1 39 44 
 1 - 502

Tábla:
   1
  40
  55
  88

504. próba
1 39 49 
 1 - 503

Tábla:
   1
  40
  55
  88

505. próba
1 39 51 
 1 - 504

Tábla:
   1
  40
  55
  88

506. próba
1 39 41 
 1 - 505

Tábla:
   1
  40
  55
  88

507. próba
1 39 44 
 1 - 506

Tábla:
   1
  40
  55
  88

508. próba
1 39 46 
 1 - 507

Tábla:
   1
  40
  55
  88

509. próba
1 39 46 
 1 - 508

Tábla:
   1
  40
  55
  88

510. próba
1 39 39 
 1 - 509

Tábla:
   1
  40
  55
  88

511. próba
1 39 42 
 1 - 510

Tábla:
   1
  40
  55
  88

512. próba
1 39 41 
 1 - 511

Tábla:
   1
  40
  55
  88

513. próba
1 39 49 
 1 - 512

Tábla:
   1
  40
  55
  88

514. próba
1 39 39 
 1 - 513

Tábla:
   1
  40
  55
  88

515. próba
1 39 50 
 1 - 514

Tábla:
   1
  40
  55
  88

516. próba
1 39 41 
 1 - 515

Tábla:
   1
  40
  55
  88

517. próba
1 39 48 
 1 - 516

Tábla:
   1
  40
  55
  88

518. próba
1 39 50 
 1 - 517

Tábla:
   1
  40
  55
  88

519. próba
1 39 46 
 1 - 518

Tábla:
   1
  40
  55
  88

520. próba
1 39 41 
 1 - 519

Tábla:
   1
  40
  55
  88

521. próba
1 39 40 
 1 - 520

Tábla:
   1
  40
  55
  88

522. próba
1 39 51 
 1 - 521

Tábla:
   1
  40
  55
  88

523. próba
1 39 44 
 1 - 522

Tábla:
   1
  40
  55
  88

524. próba
1 39 48 
 1 - 523

Tábla:
   1
  40
  55
  88

525. próba
1 39 46 
 1 - 524

Tábla:
   1
  40
  55
  88

526. próba
1 39 48 
 1 - 525

Tábla:
   1
  40
  55
  88

527. próba
1 39 46 
 1 - 526

Tábla:
   1
  40
  55
  88

528. próba
1 39 41 
 1 - 527

Tábla:
   1
  40
  55
  88

529. próba
1 39 50 
 1 - 528

Tábla:
   1
  40
  55
  88

530. próba
1 39 39 
 1 - 529

Tábla:
   1
  40
  55
  88

531. próba
1 39 49 
 1 - 530

Tábla:
   1
  40
  55
  88

532. próba
1 39 42 
 1 - 531

Tábla:
   1
  40
  55
  88

533. próba
1 39 44 
 1 - 532

Tábla:
   1
  40
  55
  88

534. próba
1 39 49 
 1 - 533

Tábla:
   1
  40
  55
  88

535. próba
1 39 40 
 1 - 534

Tábla:
   1
  40
  55
  88

536. próba
1 39 45 
 1 - 535

Tábla:
   1
  40
  55
  88

537. próba
1 39 41 
 1 - 536

Tábla:
   1
  40
  55
  88

538. próba
1 39 44 
 1 - 537

Tábla:
   1
  40
  55
  88

539. próba
1 39 48 
 1 - 538

Tábla:
   1
  40
  55
  88

540. próba
1 39 43 
 1 - 539

Tábla:
   1
  40
  55
  88

541. próba
1 39 51 
 1 - 540

Tábla:
   1
  40
  55
  88

542. próba
1 39 51 
 1 - 541

Tábla:
   1
  40
  55
  88

543. próba
1 39 43 
 1 - 542

Tábla:
   1
  40
  55
  88

544. próba
1 39 39 
 1 - 543

Tábla:
   1
  40
  55
  88

545. próba
1 39 43 
 1 - 544

Tábla:
   1
  40
  55
  88

546. próba
1 39 41 
 1 - 545

Tábla:
   1
  40
  55
  88

547. próba
1 39 45 
 1 - 546

Tábla:
   1
  40
  55
  88

548. próba
1 39 41 
 1 - 547

Tábla:
   1
  40
  55
  88

549. próba
1 39 39 
 1 - 548

Tábla:
   1
  40
  55
  88

550. próba
1 39 42 
 1 - 549

Tábla:
   1
  40
  55
  88

551. próba
1 39 42 
 1 - 550

Tábla:
   1
  40
  55
  88

552. próba
1 39 39 
 1 - 551

Tábla:
   1
  40
  55
  88

553. próba
1 39 48 
 1 - 552

Tábla:
   1
  40
  55
  88

554. próba
1 39 51 
 1 - 553

Tábla:
   1
  40
  55
  88

555. próba
1 39 47 
 1 - 554

Tábla:
   1
  40
  55
  88

556. próba
1 39 45 
 1 - 555

Tábla:
   1
  40
  55
  88

557. próba
1 39 44 
 1 - 556

Tábla:
   1
  40
  55
  88

558. próba
1 39 41 
 1 - 557

Tábla:
   1
  40
  55
  88

559. próba
1 39 48 
 1 - 558

Tábla:
   1
  40
  55
  88

560. próba
1 39 42 
 1 - 559

Tábla:
   1
  40
  55
  88

561. próba
1 39 41 
 1 - 560

Tábla:
   1
  40
  55
  88

562. próba
1 39 44 
 1 - 561

Tábla:
   1
  40
  55
  88

563. próba
1 39 51 
 1 - 562

Tábla:
   1
  40
  55
  88

564. próba
1 39 44 
 1 - 563

Tábla:
   1
  40
  55
  88

565. próba
1 39 48 
 1 - 564

Tábla:
   1
  40
  55
  88

566. próba
1 39 46 
 1 - 565

Tábla:
   1
  40
  55
  88

567. próba
1 39 47 
 1 - 566

Tábla:
   1
  40
  55
  88

568. próba
1 39 45 
 1 - 567

Tábla:
   1
  40
  55
  88

569. próba
1 39 48 
 1 - 568

Tábla:
   1
  40
  55
  88

570. próba
1 39 44 
 1 - 569

Tábla:
   1
  40
  55
  88

571. próba
1 39 50 
 1 - 570

Tábla:
   1
  40
  55
  88

572. próba
1 39 41 
 1 - 571

Tábla:
   1
  40
  55
  88

573. próba
1 39 44 
 1 - 572

Tábla:
   1
  40
  55
  88

574. próba
1 39 47 
 1 - 573

Tábla:
   1
  40
  55
  88

575. próba
1 39 47 
 1 - 574

Tábla:
   1
  40
  55
  88

576. próba
1 39 43 
 1 - 575

Tábla:
   1
  40
  55
  88

577. próba
1 39 48 
 1 - 576

Tábla:
   1
  40
  55
  88

578. próba
1 39 44 
 1 - 577

Tábla:
   1
  40
  55
  88

579. próba
1 39 43 
 1 - 578

Tábla:
   1
  40
  55
  88

580. próba
1 39 47 
 1 - 579

Tábla:
   1
  40
  55
  88

581. próba
1 39 43 
 1 - 580

Tábla:
   1
  40
  55
  88

582. próba
1 39 45 
 1 - 581

Tábla:
   1
  40
  55
  88

583. próba
1 39 43 
 1 - 582

Tábla:
   1
  40
  55
  88

584. próba
1 39 39 
 1 - 583

Tábla:
   1
  40
  55
  88

585. próba
1 39 46 
 1 - 584

Tábla:
   1
  40
  55
  88

586. próba
1 39 42 
 1 - 585

Tábla:
   1
  40
  55
  88

587. próba
1 39 48 
 1 - 586

Tábla:
   1
  40
  55
  88

588. próba
1 39 51 
 1 - 587

Tábla:
   1
  40
  55
  88

589. próba
1 39 51 
 1 - 588

Tábla:
   1
  40
  55
  88

590. próba
1 39 47 
 1 - 589

Tábla:
   1
  40
  55
  88

591. próba
1 39 50 
 1 - 590

Tábla:
   1
  40
  55
  88

592. próba
1 39 42 
 1 - 591

Tábla:
   1
  40
  55
  88

593. próba
1 39 50 
 1 - 592

Tábla:
   1
  40
  55
  88

594. próba
1 39 50 
 1 - 593

Tábla:
   1
  40
  55
  88

595. próba
1 39 48 
 1 - 594

Tábla:
   1
  40
  55
  88

596. próba
1 39 50 
 1 - 595

Tábla:
   1
  40
  55
  88

597. próba
1 39 50 
 1 - 596

Tábla:
   1
  40
  55
  88

598. próba
1 39 42 
 1 - 597

Tábla:
   1
  40
  55
  88

599. próba
1 39 39 
 1 - 598

Tábla:
   1
  40
  55
  88

600. próba
1 39 46 
 1 - 599

Tábla:
   1
  40
  55
  88

601. próba
1 39 43 
 1 - 600

Tábla:
   1
  40
  55
  88

602. próba
1 39 51 
 1 - 601

Tábla:
   1
  40
  55
  88

603. próba
1 39 48 
 1 - 602

Tábla:
   1
  40
  55
  88

604. próba
1 39 41 
 1 - 603

Tábla:
   1
  40
  55
  88

605. próba
1 39 41 
 1 - 604

Tábla:
   1
  40
  55
  88

606. próba
1 39 43 
 1 - 605

Tábla:
   1
  40
  55
  88

607. próba
1 39 47 
 1 - 606

Tábla:
   1
  40
  55
  88

608. próba
1 39 45 
 1 - 607

Tábla:
   1
  40
  55
  88

609. próba
1 39 51 
 1 - 608

Tábla:
   1
  40
  55
  88

610. próba
1 39 39 
 1 - 609

Tábla:
   1
  40
  55
  88

611. próba
1 39 41 
 1 - 610

Tábla:
   1
  40
  55
  88

612. próba
1 39 40 
 1 - 611

Tábla:
   1
  40
  55
  88

613. próba
1 39 48 
 1 - 612

Tábla:
   1
  40
  55
  88

614. próba
1 39 41 
 1 - 613

Tábla:
   1
  40
  55
  88

615. próba
1 39 43 
 1 - 614

Tábla:
   1
  40
  55
  88

616. próba
1 39 42 
 1 - 615

Tábla:
   1
  40
  55
  88

617. próba
1 39 48 
 1 - 616

Tábla:
   1
  40
  55
  88

618. próba
1 39 49 
 1 - 617

Tábla:
   1
  40
  55
  88

619. próba
1 39 44 
 1 - 618

Tábla:
   1
  40
  55
  88

620. próba
1 39 41 
 1 - 619

Tábla:
   1
  40
  55
  88

621. próba
1 39 44 
 1 - 620

Tábla:
   1
  40
  55
  88

622. próba
1 39 50 
 1 - 621

Tábla:
   1
  40
  55
  88

623. próba
1 39 50 
 1 - 622

Tábla:
   1
  40
  55
  88

624. próba
1 39 46 
 1 - 623

Tábla:
   1
  40
  55
  88

625. próba
1 39 42 
 1 - 624

Tábla:
   1
  40
  55
  88

626. próba
1 39 44 
 1 - 625

Tábla:
   1
  40
  55
  88

627. próba
1 39 45 
 1 - 626

Tábla:
   1
  40
  55
  88

628. próba
1 39 51 
 1 - 627

Tábla:
   1
  40
  55
  88

629. próba
1 39 48 
 1 - 628

Tábla:
   1
  40
  55
  88

630. próba
1 39 51 
 1 - 629

Tábla:
   1
  40
  55
  88

631. próba
1 39 45 
 1 - 630

Tábla:
   1
  40
  55
  88

632. próba
1 39 46 
 1 - 631

Tábla:
   1
  40
  55
  88

633. próba
1 39 42 
 1 - 632

Tábla:
   1
  40
  55
  88

634. próba
1 39 47 
 1 - 633

Tábla:
   1
  40
  55
  88

635. próba
1 39 43 
 1 - 634

Tábla:
   1
  40
  55
  88

636. próba
1 39 46 
 1 - 635

Tábla:
   1
  40
  55
  88

637. próba
1 39 39 
 1 - 636

Tábla:
   1
  40
  55
  88

638. próba
1 39 49 
 1 - 637

Tábla:
   1
  40
  55
  88

639. próba
1 39 43 
 1 - 638

Tábla:
   1
  40
  55
  88

640. próba
1 39 41 
 1 - 639

Tábla:
   1
  40
  55
  88

641. próba
1 39 45 
 1 - 640

Tábla:
   1
  40
  55
  88

642. próba
1 39 40 
 1 - 641

Tábla:
   1
  40
  55
  88

643. próba
1 39 43 
 1 - 642

Tábla:
   1
  40
  55
  88

644. próba
1 39 42 
 1 - 643

Tábla:
   1
  40
  55
  88

645. próba
1 39 47 
 1 - 644

Tábla:
   1
  40
  55
  88

646. próba
1 39 51 
 1 - 645

Tábla:
   1
  40
  55
  88

647. próba
1 39 51 
 1 - 646

Tábla:
   1
  40
  55
  88

648. próba
1 39 47 
 1 - 647

Tábla:
   1
  40
  55
  88

649. próba
1 39 41 
 1 - 648

Tábla:
   1
  40
  55
  88

650. próba
1 39 40 
 1 - 649

Tábla:
   1
  40
  55
  88

651. próba
1 39 51 
 1 - 650

Tábla:
   1
  40
  55
  88

652. próba
1 39 45 
 1 - 651

Tábla:
   1
  40
  55
  88

653. próba
1 39 46 
 1 - 652

Tábla:
   1
  40
  55
  88

654. próba
1 39 51 
 1 - 653

Tábla:
   1
  40
  55
  88

655. próba
1 39 39 
 1 - 654

Tábla:
   1
  40
  55
  88

656. próba
1 39 41 
 1 - 655

Tábla:
   1
  40
  55
  88

657. próba
1 39 44 
 1 - 656

Tábla:
   1
  40
  55
  88

658. próba
1 39 49 
 1 - 657

Tábla:
   1
  40
  55
  88

659. próba
1 39 41 
 1 - 658

Tábla:
   1
  40
  55
  88

660. próba
1 39 44 
 1 - 659

Tábla:
   1
  40
  55
  88

661. próba
1 39 42 
 1 - 660

Tábla:
   1
  40
  55
  88

662. próba
1 39 42 
 1 - 661

Tábla:
   1
  40
  55
  88

663. próba
1 39 41 
 1 - 662

Tábla:
   1
  40
  55
  88

664. próba
1 39 46 
 1 - 663

Tábla:
   1
  40
  55
  88

665. próba
1 39 40 
 1 - 664

Tábla:
   1
  40
  55
  88

666. próba
1 39 50 
 1 - 665

Tábla:
   1
  40
  55
  88

667. próba
1 39 41 
 1 - 666

Tábla:
   1
  40
  55
  88

668. próba
1 39 40 
 1 - 667

Tábla:
   1
  40
  55
  88

669. próba
1 17 39 
 1 - 668

Tábla:
   1
  40
  55
  88

670. próba
1 44 50 
 1 - 669

Tábla:
   1
  40
  55
  88

671. próba
1 41 44 
 1 - 670

Tábla:
   1
  40
  55
  88

672. próba
1 41 41 
 1 - 671

Tábla:
   1
  40
  55
  88

673. próba
1 41 43 
 1 - 672

Tábla:
   1
  40
  55
  88

674. próba
1 41 46 
 1 - 673

Tábla:
   1
  40
  55
  88

675. próba
1 41 44 
 1 - 674

Tábla:
   1
  40
  55
  88

676. próba
1 41 46 
 1 - 675

Tábla:
   1
  40
  55
  88

677. próba
1 40 41 
 1 - 676

Tábla:
   1
  40
  55
  88

678. próba
1 40 42 
 1 - 677

Tábla:
   1
  40
  55
  88

679. próba
1 40 50 
 1 - 678

Tábla:
   1
  40
  55
  88

680. próba
1 40 47 
 1 - 679

Tábla:
   1
  40
  55
  88

681. próba
1 40 42 
 1 - 680

Tábla:
   1
  40
  55
  88

682. próba
1 40 45 
 1 - 681

Tábla:
   1
  40
  55
  88

683. próba
1 40 46 
 1 - 682

Tábla:
   1
  40
  55
  88

684. próba
1 40 49 
 1 - 683

Tábla:
   1
  40
  55
  88

685. próba
1 40 45 
 1 - 684

Tábla:
   1
  40
  55
  88

686. próba
1 40 43 
 1 - 685

Tábla:
   1
  40
  55
  88

687. próba
1 40 46 
 1 - 686

Tábla:
   1
  40
  55
  88

688. próba
1 39 40 
 1 - 687

Tábla:
   1
  40
  55
  88

689. próba
1 39 42 
 1 - 688

Tábla:
   1
  40
  55
  88

690. próba
1 39 44 
 1 - 689

Tábla:
   1
  40
  55
  88

691. próba
1 39 50 
 1 - 690

Tábla:
   1
  40
  55
  88

692. próba
1 39 44 
 1 - 691

Tábla:
   1
  40
  55
  88

693. próba
1 39 50 
 1 - 692

Tábla:
   1
  40
  55
  88

694. próba
1 39 47 
 1 - 693

Tábla:
   1
  40
  55
  88

695. próba
1 39 43 
 1 - 694

Tábla:
   1
  40
  55
  88

696. próba
1 39 41 
 1 - 695

Tábla:
   1
  40
  55
  88

697. próba
1 39 46 
 1 - 696

Tábla:
   1
  40
  55
  88

698. próba
1 39 41 
 1 - 697

Tábla:
   1
  40
  55
  88

699. próba
1 39 44 
 1 - 698

Tábla:
   1
  40
  55
  88

700. próba
1 39 46 
 1 - 699

Tábla:
   1
  40
  55
  88

701. próba
1 39 45 
 1 - 700

Tábla:
   1
  40
  55
  88

702. próba
1 39 41 
 1 - 701

Tábla:
   1
  40
  55
  88

703. próba
1 39 47 
 1 - 702

Tábla:
   1
  40
  55
  88

704. próba
1 39 41 
 1 - 703

Tábla:
   1
  40
  55
  88

705. próba
1 39 51 
 1 - 704

Tábla:
   1
  40
  55
  88

706. próba
1 39 44 
 1 - 705

Tábla:
   1
  40
  55
  88

707. próba
1 39 42 
 1 - 706

Tábla:
   1
  40
  55
  88

708. próba
1 39 39 
 1 - 707

Tábla:
   1
  40
  55
  88

709. próba
1 39 49 
 1 - 708

Tábla:
   1
  40
  55
  88

710. próba
1 39 48 
 1 - 709

Tábla:
   1
  40
  55
  88

711. próba
1 39 42 
 1 - 710

Tábla:
   1
  40
  55
  88

712. próba
1 39 50 
 1 - 711

Tábla:
   1
  40
  55
  88

713. próba
1 39 40 
 1 - 712

Tábla:
   1
  40
  55
  88

714. próba
1 39 44 
 1 - 713

Tábla:
   1
  40
  55
  88

715. próba
1 39 45 
 1 - 714

Tábla:
   1
  40
  55
  88

716. próba
1 39 46 
 1 - 715

Tábla:
   1
  40
  55
  88

717. próba
1 39 49 
 1 - 716

Tábla:
   1
  40
  55
  88

718. próba
1 39 45 
 1 - 717

Tábla:
   1
  40
  55
  88

719. próba
1 39 47 
 1 - 718

Tábla:
   1
  40
  55
  88

720. próba
1 39 44 
 1 - 719

Tábla:
   1
  40
  55
  88

721. próba
1 39 42 
 1 - 720

Tábla:
   1
  40
  55
  88

722. próba
1 39 48 
 1 - 721

Tábla:
   1
  40
  55
  88

723. próba
1 39 41 
 1 - 722

Tábla:
   1
  40
  55
  88

724. próba
1 39 49 
 1 - 723

Tábla:
   1
  40
  55
  88

725. próba
1 39 51 
 1 - 724

Tábla:
   1
  40
  55
  88

726. próba
1 39 40 
 1 - 725

Tábla:
   1
  40
  55
  88

727. próba
1 39 40 
 1 - 726

Tábla:
   1
  40
  55
  88

728. próba
1 39 39 
 1 - 727

Tábla:
   1
  40
  55
  88

729. próba
1 39 45 
 1 - 728

Tábla:
   1
  40
  55
  88

730. próba
1 39 41 
 1 - 729

Tábla:
   1
  40
  55
  88

731. próba
1 39 39 
 1 - 730

Tábla:
   1
  40
  55
  88

732. próba
1 39 46 
 1 - 731

Tábla:
   1
  40
  55
  88

733. próba
1 39 42 
 1 - 732

Tábla:
   1
  40
  55
  88

734. próba
1 39 42 
 1 - 733

Tábla:
   1
  40
  55
  88

735. próba
1 39 45 
 1 - 734

Tábla:
   1
  40
  55
  88

736. próba
1 39 41 
 1 - 735

Tábla:
   1
  40
  55
  88

737. próba
1 39 49 
 1 - 736

Tábla:
   1
  40
  55
  88

738. próba
1 39 47 
 1 - 737

Tábla:
   1
  40
  55
  88

739. próba
1 39 45 
 1 - 738

Tábla:
   1
  40
  55
  88

740. próba
1 39 48 
 1 - 739

Tábla:
   1
  40
  55
  88

741. próba
1 39 46 
 1 - 740

Tábla:
   1
  40
  55
  88

742. próba
1 39 49 
 1 - 741

Tábla:
   1
  40
  55
  88

743. próba
1 39 43 
 1 - 742

Tábla:
   1
  40
  55
  88

744. próba
1 39 48 
 1 - 743

Tábla:
   1
  40
  55
  88

745. próba
1 39 39 
 1 - 744

Tábla:
   1
  40
  55
  88

746. próba
1 39 43 
 1 - 745

Tábla:
   1
  40
  55
  88

747. próba
1 39 50 
 1 - 746

Tábla:
   1
  40
  55
  88

748. próba
1 39 50 
 1 - 747

Tábla:
   1
  40
  55
  88

749. próba
1 39 43 
 1 - 748

Tábla:
   1
  40
  55
  88

750. próba
1 39 44 
 1 - 749

Tábla:
   1
  40
  55
  88

751. próba
1 39 43 
 1 - 750

Tábla:
   1
  40
  55
  88

752. próba
1 39 50 
 1 - 751

Tábla:
   1
  40
  55
  88

753. próba
1 39 45 
 1 - 752

Tábla:
   1
  40
  55
  88

754. próba
1 39 45 
 1 - 753

Tábla:
   1
  40
  55
  88

755. próba
1 39 50 
 1 - 754

Tábla:
   1
  40
  55
  88

756. próba
1 39 45 
 1 - 755

Tábla:
   1
  40
  55
  88

757. próba
1 39 44 
 1 - 756

Tábla:
   1
  40
  55
  88

758. próba
1 39 50 
 1 - 757

Tábla:
   1
  40
  55
  88

759. próba
1 39 48 
 1 - 758

Tábla:
   1
  40
  55
  88

760. próba
1 39 50 
 1 - 759

Tábla:
   1
  40
  55
  88

761. próba
1 39 42 
 1 - 760

Tábla:
   1
  40
  55
  88

762. próba
1 39 51 
 1 - 761

Tábla:
   1
  40
  55
  88

763. próba
1 39 49 
 1 - 762

Tábla:
   1
  40
  55
  88

764. próba
1 39 48 
 1 - 763

Tábla:
   1
  40
  55
  88

765. próba
1 39 47 
 1 - 764

Tábla:
   1
  40
  55
  88

766. próba
1 39 45 
 1 - 765

Tábla:
   1
  40
  55
  88

767. próba
1 39 39 
 1 - 766

Tábla:
   1
  40
  55
  88

768. próba
1 39 50 
 1 - 767

Tábla:
   1
  40
  55
  88

769. próba
1 39 39 
 1 - 768

Tábla:
   1
  40
  55
  88

770. próba
1 39 47 
 1 - 769

Tábla:
   1
  40
  55
  88

771. próba
1 39 39 
 1 - 770

Tábla:
   1
  40
  55
  88

772. próba
1 39 46 
 1 - 771

Tábla:
   1
  40
  55
  88

773. próba
1 39 49 
 1 - 772

Tábla:
   1
  40
  55
  88

774. próba
1 39 42 
 1 - 773

Tábla:
   1
  40
  55
  88

775. próba
1 39 42 
 1 - 774

Tábla:
   1
  40
  55
  88

776. próba
1 39 48 
 1 - 775

Tábla:
   1
  40
  55
  88

777. próba
1 39 45 
 1 - 776

Tábla:
   1
  40
  55
  88

778. próba
1 39 43 
 1 - 777

Tábla:
   1
  40
  55
  88

779. próba
1 39 48 
 1 - 778

Tábla:
   1
  40
  55
  88

780. próba
1 39 42 
 1 - 779

Tábla:
   1
  40
  55
  88

781. próba
1 39 47 
 1 - 780

Tábla:
   1
  40
  55
  88

782. próba
1 39 46 
 1 - 781

Tábla:
   1
  40
  55
  88

783. próba
1 39 46 
 1 - 782

Tábla:
   1
  40
  55
  88

784. próba
1 39 40 
 1 - 783

Tábla:
   1
  40
  55
  88

785. próba
1 39 43 
 1 - 784

Tábla:
   1
  40
  55
  88

786. próba
1 39 45 
 1 - 785

Tábla:
   1
  40
  55
  88

787. próba
1 39 40 
 1 - 786

Tábla:
   1
  40
  55
  88

788. próba
1 39 44 
 1 - 787

Tábla:
   1
  40
  55
  88

789. próba
1 39 40 
 1 - 788

Tábla:
   1
  40
  55
  88

790. próba
1 39 39 
 1 - 789

Tábla:
   1
  40
  55
  88

791. próba
1 39 48 
 1 - 790

Tábla:
   1
  40
  55
  88

792. próba
1 39 41 
 1 - 791

Tábla:
   1
  40
  55
  88

793. próba
1 39 47 
 1 - 792

Tábla:
   1
  40
  55
  88

794. próba
1 39 39 
 1 - 793

Tábla:
   1
  40
  55
  88

795. próba
1 39 40 
 1 - 794

Tábla:
   1
  40
  55
  88

796. próba
1 39 43 
 1 - 795

Tábla:
   1
  40
  55
  88

797. próba
1 39 44 
 1 - 796

Tábla:
   1
  40
  55
  88

798. próba
1 39 49 
 1 - 797

Tábla:
   1
  40
  55
  88

799. próba
1 39 51 
 1 - 798

Tábla:
   1
  40
  55
  88

800. próba
1 39 47 
 1 - 799

Tábla:
   1
  40
  55
  88

801. próba
1 39 44 
 1 - 800

Tábla:
   1
  40
  55
  88

802. próba
1 39 45 
 1 - 801

Tábla:
   1
  40
  55
  88

803. próba
1 39 48 
 1 - 802

Tábla:
   1
  40
  55
  88

804. próba
1 39 48 
 1 - 803

Tábla:
   1
  40
  55
  88

805. próba
1 39 43 
 1 - 804

Tábla:
   1
  40
  55
  88

806. próba
1 39 40 
 1 - 805

Tábla:
   1
  40
  55
  88

807. próba
1 39 42 
 1 - 806

Tábla:
   1
  40
  55
  88

808. próba
1 39 39 
 1 - 807

Tábla:
   1
  40
  55
  88

809. próba
1 39 51 
 1 - 808

Tábla:
   1
  40
  55
  88

810. próba
1 39 39 
 1 - 809

Tábla:
   1
  40
  55
  88

811. próba
1 39 49 
 1 - 810

Tábla:
   1
  40
  55
  88

812. próba
1 39 40 
 1 - 811

Tábla:
   1
  40
  55
  88

813. próba
1 39 48 
 1 - 812

Tábla:
   1
  40
  55
  88

814. próba
1 39 45 
 1 - 813

Tábla:
   1
  40
  55
  88

815. próba
1 39 40 
 1 - 814

Tábla:
   1
  40
  55
  88

816. próba
1 39 46 
 1 - 815

Tábla:
   1
  40
  55
  88

817. próba
1 39 43 
 1 - 816

Tábla:
   1
  40
  55
  88

818. próba
1 39 39 
 1 - 817

Tábla:
   1
  40
  55
  88

819. próba
1 39 42 
 1 - 818

Tábla:
   1
  40
  55
  88

820. próba
1 39 43 
 1 - 819

Tábla:
   1
  40
  55
  88

821. próba
1 39 44 
 1 - 820

Tábla:
   1
  40
  55
  88

822. próba
1 39 41 
 1 - 821

Tábla:
   1
  40
  55
  88

823. próba
1 39 40 
 1 - 822

Tábla:
   1
  40
  55
  88

824. próba
1 39 48 
 1 - 823

Tábla:
   1
  40
  55
  88

825. próba
1 39 48 
 1 - 824

Tábla:
   1
  40
  55
  88

826. próba
1 39 43 
 1 - 825

Tábla:
   1
  40
  55
  88

827. próba
1 39 41 
 1 - 826

Tábla:
   1
  40
  55
  88

828. próba
1 39 49 
 1 - 827

Tábla:
   1
  40
  55
  88

829. próba
1 39 39 
 1 - 828

Tábla:
   1
  40
  55
  88

830. próba
1 39 39 
 1 - 829

Tábla:
   1
  40
  55
  88

831. próba
1 39 39 
 1 - 830

Tábla:
   1
  40
  55
  88

832. próba
1 39 47 
 1 - 831

Tábla:
   1
  40
  55
  88

833. próba
1 39 48 
 1 - 832

Tábla:
   1
  40
  55
  88

834. próba
1 39 40 
 1 - 833

Tábla:
   1
  40
  55
  88

835. próba
1 39 46 
 1 - 834

Tábla:
   1
  40
  55
  88

836. próba
1 39 47 
 1 - 835

Tábla:
   1
  40
  55
  88

837. próba
1 39 47 
 1 - 836

Tábla:
   1
  40
  55
  88

838. próba
1 39 46 
 1 - 837

Tábla:
   1
  40
  55
  88

839. próba
1 39 49 
 1 - 838

Tábla:
   1
  40
  55
  88

840. próba
1 39 41 
 1 - 839

Tábla:
   1
  40
  55
  88

841. próba
1 39 40 
 1 - 840

Tábla:
   1
  40
  55
  88

842. próba
1 39 45 
 1 - 841

Tábla:
   1
  40
  55
  88

843. próba
1 39 41 
 1 - 842

Tábla:
   1
  40
  55
  88

844. próba
1 39 41 
 1 - 843

Tábla:
   1
  40
  55
  88

845. próba
1 39 41 
 1 - 844

Tábla:
   1
  40
  55
  88

846. próba
1 39 51 
 1 - 845

Tábla:
   1
  40
  55
  88

847. próba
1 39 51 
 1 - 846

Tábla:
   1
  40
  55
  88

848. próba
1 39 45 
 1 - 847

Tábla:
   1
  40
  55
  88

849. próba
1 39 44 
 1 - 848

Tábla:
   1
  40
  55
  88

850. próba
1 39 47 
 1 - 849

Tábla:
   1
  40
  55
  88

851. próba
1 39 43 
 1 - 850

Tábla:
   1
  40
  55
  88

852. próba
1 39 46 
 1 - 851

Tábla:
   1
  40
  55
  88

853. próba
1 39 40 
 1 - 852

Tábla:
   1
  40
  55
  88

854. próba
1 39 42 
 1 - 853

Tábla:
   1
  40
  55
  88

855. próba
1 39 42 
 1 - 854

Tábla:
   1
  40
  55
  88

856. próba
1 39 40 
 1 - 855

Tábla:
   1
  40
  55
  88

857. próba
1 39 42 
 1 - 856

Tábla:
   1
  40
  55
  88

858. próba
1 39 43 
 1 - 857

Tábla:
   1
  40
  55
  88

859. próba
1 39 47 
 1 - 858

Tábla:
   1
  40
  55
  88

860. próba
1 39 40 
 1 - 859

Tábla:
   1
  40
  55
  88

861. próba
1 39 50 
 1 - 860

Tábla:
   1
  40
  55
  88

862. próba
1 39 49 
 1 - 861

Tábla:
   1
  40
  55
  88

863. próba
1 39 42 
 1 - 862

Tábla:
   1
  40
  55
  88

864. próba
1 39 48 
 1 - 863

Tábla:
   1
  40
  55
  88

865. próba
1 39 39 
 1 - 864

Tábla:
   1
  40
  55
  88

866. próba
1 39 39 
 1 - 865

Tábla:
   1
  40
  55
  88

867. próba
1 39 43 
 1 - 866

Tábla:
   1
  40
  55
  88

868. próba
1 39 42 
 1 - 867

Tábla:
   1
  40
  55
  88

869. próba
1 39 49 
 1 - 868

Tábla:
   1
  40
  55
  88

870. próba
1 39 47 
 1 - 869

Tábla:
   1
  40
  55
  88

871. próba
1 39 41 
 1 - 870

Tábla:
   1
  40
  55
  88

872. próba
1 39 44 
 1 - 871

Tábla:
   1
  40
  55
  88

873. próba
1 39 49 
 1 - 872

Tábla:
   1
  40
  55
  88

874. próba
1 39 50 
 1 - 873

Tábla:
   1
  40
  55
  88

875. próba
1 39 50 
 1 - 874

Tábla:
   1
  40
  55
  88

876. próba
1 39 48 
 1 - 875

Tábla:
   1
  40
  55
  88

877. próba
1 39 49 
 1 - 876

Tábla:
   1
  40
  55
  88

878. próba
1 39 46 
 1 - 877

Tábla:
   1
  40
  55
  88

879. próba
1 39 42 
 1 - 878

Tábla:
   1
  40
  55
  88

880. próba
1 39 50 
 1 - 879

Tábla:
   1
  40
  55
  88

881. próba
1 39 40 
 1 - 880

Tábla:
   1
  40
  55
  88

882. próba
1 39 49 
 1 - 881

Tábla:
   1
  40
  55
  88

883. próba
1 39 49 
 1 - 882

Tábla:
   1
  40
  55
  88

884. próba
1 39 40 
 1 - 883

Tábla:
   1
  40
  55
  88

885. próba
1 39 49 
 1 - 884

Tábla:
   1
  40
  55
  88

886. próba
1 39 40 
 1 - 885

Tábla:
   1
  40
  55
  88

887. próba
1 39 39 
 1 - 886

Tábla:
   1
  40
  55
  88

888. próba
1 39 51 
 1 - 887

Tábla:
   1
  40
  55
  88

889. próba
1 39 47 
 1 - 888

Tábla:
   1
  40
  55
  88

890. próba
1 39 45 
 1 - 889

Tábla:
   1
  40
  55
  88

891. próba
1 39 51 
 1 - 890

Tábla:
   1
  40
  55
  88

892. próba
1 39 44 
 1 - 891

Tábla:
   1
  40
  55
  88

893. próba
1 39 44 
 1 - 892

Tábla:
   1
  40
  55
  88

894. próba
1 39 39 
 1 - 893

Tábla:
   1
  40
  55
  88

895. próba
1 39 41 
 1 - 894

Tábla:
   1
  40
  55
  88

896. próba
1 39 43 
 1 - 895

Tábla:
   1
  40
  55
  88

897. próba
1 39 51 
 1 - 896

Tábla:
   1
  40
  55
  88

898. próba
1 39 45 
 1 - 897

Tábla:
   1
  40
  55
  88

899. próba
1 39 49 
 1 - 898

Tábla:
   1
  40
  55
  88

900. próba
1 39 39 
 1 - 899

Tábla:
   1
  40
  55
  88

901. próba
1 39 45 
 1 - 900

Tábla:
   1
  40
  55
  88

902. próba
1 39 45 
 1 - 901

Tábla:
   1
  40
  55
  88

903. próba
1 39 51 
 1 - 902

Tábla:
   1
  40
  55
  88

904. próba
1 39 39 
 1 - 903

Tábla:
   1
  40
  55
  88

905. próba
1 39 42 
 1 - 904

Tábla:
   1
  40
  55
  88

906. próba
1 39 39 
 1 - 905

Tábla:
   1
  40
  55
  88

907. próba
1 39 46 
 1 - 906

Tábla:
   1
  40
  55
  88

908. próba
1 39 46 
 1 - 907

Tábla:
   1
  40
  55
  88

909. próba
1 39 50 
 1 - 908

Tábla:
   1
  40
  55
  88

910. próba
1 39 43 
 1 - 909

Tábla:
   1
  40
  55
  88

911. próba
1 39 43 
 1 - 910

Tábla:
   1
  40
  55
  88

912. próba
1 39 42 
 1 - 911

Tábla:
   1
  40
  55
  88

913. próba
1 39 50 
 1 - 912

Tábla:
   1
  40
  55
  88

914. próba
1 39 50 
 1 - 913

Tábla:
   1
  40
  55
  88

915. próba
1 39 42 
 1 - 914

Tábla:
   1
  40
  55
  88

916. próba
1 39 47 
 1 - 915

Tábla:
   1
  40
  55
  88

917. próba
1 39 40 
 1 - 916

Tábla:
   1
  40
  55
  88

918. próba
1 39 51 
 1 - 917

Tábla:
   1
  40
  55
  88

919. próba
1 39 47 
 1 - 918

Tábla:
   1
  40
  55
  88

920. próba
1 39 48 
 1 - 919

Tábla:
   1
  40
  55
  88

921. próba
1 39 44 
 1 - 920

Tábla:
   1
  40
  55
  88

922. próba
1 39 50 
 1 - 921

Tábla:
   1
  40
  55
  88

923. próba
1 39 49 
 1 - 922

Tábla:
   1
  40
  55
  88

924. próba
1 39 46 
 1 - 923

Tábla:
   1
  40
  55
  88

925. próba
1 39 41 
 1 - 924

Tábla:
   1
  40
  55
  88

926. próba
1 39 49 
 1 - 925

Tábla:
   1
  40
  55
  88

927. próba
1 39 39 
 1 - 926

Tábla:
   1
  40
  55
  88

928. próba
1 39 49 
 1 - 927

Tábla:
   1
  40
  55
  88

929. próba
1 39 43 
 1 - 928

Tábla:
   1
  40
  55
  88

930. próba
1 39 46 
 1 - 929

Tábla:
   1
  40
  55
  88

931. próba
1 39 43 
 1 - 930

Tábla:
   1
  40
  55
  88

932. próba
1 39 49 
 1 - 931

Tábla:
   1
  40
  55
  88

933. próba
1 39 44 
 1 - 932

Tábla:
   1
  40
  55
  88

934. próba
1 39 46 
 1 - 933

Tábla:
   1
  40
  55
  88

935. próba
1 39 50 
 1 - 934

Tábla:
   1
  40
  55
  88

936. próba
1 39 47 
 1 - 935

Tábla:
   1
  40
  55
  88

937. próba
1 39 43 
 1 - 936

Tábla:
   1
  40
  55
  88

938. próba
1 39 45 
 1 - 937

Tábla:
   1
  40
  55
  88

939. próba
1 39 46 
 1 - 938

Tábla:
   1
  40
  55
  88

940. próba
1 39 50 
 1 - 939

Tábla:
   1
  40
  55
  88

941. próba
1 39 45 
 1 - 940

Tábla:
   1
  40
  55
  88

942. próba
1 39 44 
 1 - 941

Tábla:
   1
  40
  55
  88

943. próba
1 39 46 
 1 - 942

Tábla:
   1
  40
  55
  88

944. próba
1 39 47 
 1 - 943

Tábla:
   1
  40
  55
  88

945. próba
1 39 43 
 1 - 944

Tábla:
   1
  40
  55
  88

946. próba
1 39 40 
 1 - 945

Tábla:
   1
  40
  55
  88

947. próba
1 39 40 
 1 - 946

Tábla:
   1
  40
  55
  88

948. próba
1 39 49 
 1 - 947

Tábla:
   1
  40
  55
  88

949. próba
1 39 50 
 1 - 948

Tábla:
   1
  40
  55
  88

950. próba
1 39 44 
 1 - 949

Tábla:
   1
  40
  55
  88

951. próba
1 39 45 
 1 - 950

Tábla:
   1
  40
  55
  88

952. próba
1 39 42 
 1 - 951

Tábla:
   1
  40
  55
  88

953. próba
1 39 42 
 1 - 952

Tábla:
   1
  40
  55
  88

954. próba
1